0,656.195,1556.3,1352.78,1660.87,991.104,418.244,1874.04,1396.82,1233.1,1276,1044,844.493,883.43,836.488,259.384,1476.44,2132.63,1611.52,1148.34,1560.62,1415.96,1401.63,1249.36,3321.73,2284.94,1774.46,3764.2,3792.69,1453.48,1628.14,4114.32,3528,1888.34,1165.79,1037.54,883.43,2320,2132.63,1724.46,1069.47,2320,1648.67,2167.06,2498.72,4153.38,3268.65,3535.62,3603.48,1050.42,1069.47,2091.22,3411.66,2065.32,3266.59,1982.21,1640.49,2624.78,3235.55,2678.07,2698.09,2864.99,9304.62,2708.05,5833.54,3395.85,2678.07,3603.48,5020.27,4537.36,4158.24,1870.44,2805.67,2737.7,4547.73,3506.96,2391.4,3381.95,2311.28,2479.8,4915.99,6808.52,6827.27,4697.64,7345.65,7488.97,7446.62,7631.35,6089.72,2348.82,2705.56,6406.31,4778.58,4518.05,4277.87,6704.96,5926.23,12003.6,7540,2138.93,11020.6,10722.9,2645.21,7007.21,591.486,883.43,9752.97,1094.34,6433.56,5851.97,6564,6149.09,3899.39,812,1100.47,2422.15,4111.05,3642.47,8622.32,820.244,1556.3,3640.63,4721.93,2345.95,5096.08,5911.45,6612,
656.195,0,1870.44,1995.74,1165.79,1611.52,844.493,2490.63,1944.51,1357.75,1800.8,1577.77,778.152,1281.26,1485.52,624.679,2132.63,2788.83,2252.31,1804.54,2216.18,2065.32,2029.17,1870.44,3601.61,2593.84,2207.05,3945.71,4079.84,1755.4,2116.8,4417.15,3778.47,1972,905.989,1037.54,883.43,2498.72,2231.3,1560.62,1296.92,2320,1712.72,1628.14,1913.12,3506.96,2650.29,2881.38,2964.25,676.39,418.244,1660.87,2767.03,1415.96,2786.42,1411.2,984.293,2705.56,3612.8,3036.01,2982.35,3185.25,9953.04,2767.03,5559.54,3044.86,3274.82,4247.88,5674.52,5179.89,4772.95,2509.46,3443.07,3387.91,5199.34,4153.38,3044.86,3994.85,2909.27,3044.86,5514.58,7377.64,7373.08,5300.58,7923.74,8070.13,8037.55,8228.64,6072.02,2690.6,2934.59,6406.31,4292,3862.99,3964.42,7341.07,5908.03,11976.7,7475.48,2188.68,11489.3,11237.6,2100.85,7315.36,1194.29,1512.45,9131.64,1740,7056,6422.04,5908.03,5502.36,3787.36,1357.75,997.87,2793.65,4697.64,2993.61,9277.82,1050.42,956.561,3856.02,4571.34,1859.62,5179.89,6492.89,6165.48,
1556.3,1870.44,0,1411.2,1972,1142.47,1142.47,1434.84,812,624.679,705.6,2228.29,1165.79,2302.53,1352.78,1815.69,1774.46,2207.05,1508,1615.69,1755.4,1525.74,1281.26,1182.97,4640,3623.96,2993.61,5173.39,5084.19,2872.03,2767.03,5373.69,4873.38,3411.66,2678.07,2593.84,2438.76,3776.69,3642.47,3274.82,2575.62,3861.25,3185.25,3481.93,3719.24,4666.03,3642.47,4203.3,4086.43,1547.63,2091.22,2052.25,3959.32,3071.26,3088.74,2388.59,2593.84,1249.36,1743.86,1165.79,1142.47,1322.6,9182.34,1357.75,4884.41,2824.78,1902.54,3123.4,4635.65,3967.81,3364,1640.49,2334.45,2458,4512.09,3642.47,2554.64,3829.76,2982.35,3266.59,5341.04,7311.68,7427.62,5109.27,6279.02,6433.56,6434.6,6647.52,4697.64,820.244,1160,4989.35,6152.38,5291.69,5800,5992.83,7447.53,13515.9,6187.27,928,11812.7,11373.3,3944,5466.79,1148.34,1194.29,10753,1357.75,5616.13,4772.95,7175.14,6580.38,2730.32,905.989,1100.47,928,4645.8,4217.68,8190.13,820.244,2200.95,5020.27,6277.95,2380.12,3612.8,6384.22,8034.2,
1352.78,1995.74,1411.2,0,2767.03,418.244,1233.1,580,624.679,1660.87,705.6,1211.08,1770.66,1512.45,518.768,1508,366.824,883.43,259.384,366.824,348,116,164.049,232,3448.93,2509.46,1834.12,4060,3856.02,1944.51,1577.77,4114.32,3699.29,2617.08,2391.4,2100.85,2002.47,2803.27,2788.83,2786.42,1859.62,3095.27,2460.73,3489.65,3840.28,5423.54,4477.66,4840.13,4856.79,2157.72,2391.4,3062.49,4681.86,3411.66,4222.46,3155.54,2971.05,2645.21,2482.51,2052.25,2252.31,2302.53,8078.47,2757.29,6290.79,4119.23,1396.82,2252.31,3692.01,3185.25,2824.78,518.768,1453.48,1396.82,3323.76,2348.82,1211.08,2438.76,1577.77,1874.04,3971.2,5934.17,6032,3740.89,6052.04,6190.53,6134.85,6311.08,6018.6,1834.12,2388.59,6287.59,6028.65,5851.97,5341.04,5352.37,6489.78,12487.1,7522.13,2331.57,10402.6,9976.67,3964.42,6230.61,820.244,492.146,11102.7,259.384,5088.16,4577.23,7876.05,7411.3,4140.4,778.152,1920.14,1811.98,3248,4924.2,7300.63,1401.63,2793.65,3876.9,5544.99,3371.99,4858.17,5009.53,7803.1,
1660.87,1165.79,1972,2767.03,0,2348.82,1556.3,3121.24,2460.73,1352.78,2296.68,2690.6,997.87,2436,2334.45,1743.86,3009.3,3640.63,2993.61,2698.09,3064.68,2864.99,2737.7,2575.62,4756,3757.04,3364,5064.3,5234.16,2920.81,3256.28,5574.04,4924.2,3082.2,1920.14,2167.06,2025.85,3633.23,3339.91,2546.72,2460.73,3371.99,2824.78,2029.17,2091.22,2717.97,1724.46,2231.3,2138.93,624.679,883.43,518.768,1995.74,1322.6,1624,418.244,935.222,2216.18,3573.48,3011.54,2822.4,3071.26,10845.2,2231.3,4462.61,1920.14,3787.36,4924.2,6416.8,5824.31,5290.41,3225.13,4104.5,4130.64,6087.51,5084.19,3944,5025.63,3967.81,4140.4,6567.08,8468.79,8487.05,6346.16,8249.06,8404.2,8406.6,8619.2,5245.71,2678.07,2678.07,5598.13,4558.08,3321.73,4600.68,7916.95,6867.55,12890.6,6570.15,1740,12646.1,12374.5,2391.4,6994.71,1972,2287.88,8803.78,2546.72,7564.94,6743.98,5220,4676.11,2900,1995.74,905.989,2824.78,5768.59,2252.31,10019.1,1396.82,418.244,4989.35,5413.61,696,4524,7569.39,6471.1,
991.104,1611.52,1142.47,418.244,2348.82,0,820.244,883.43,518.768,1281.26,492.146,1160,1352.78,1357.75,259.384,1182.97,705.6,1296.92,656.195,478.28,733.648,518.768,418.244,259.384,3535.62,2544.08,1888.34,4104.5,3967.81,1870.44,1648.67,4247.88,3776.69,2498.72,2100.85,1859.62,1740,2767.03,2698.09,2562.52,1688.99,2973.31,2311.28,3155.54,3489.65,5009.53,4060,4432.35,4441.45,1740,1995.74,2650.29,4268.42,3024.91,3815.68,2737.7,2575.62,2391.4,2490.63,1995.74,2132.63,2228.29,8496.55,2498.72,5971.47,3740.89,1688.99,2645.21,4101.22,3573.48,3168.31,905.989,1834.12,1804.54,3740.89,2757.29,1615.69,2805.67,1870.44,2138.93,4348.07,6302.55,6384.22,4119.23,6358.87,6501.18,6456.52,6640.43,5828.93,1724.46,2228.29,6112.88,5741.71,5453.23,5136.85,5729.98,6467.98,12504.9,7323.63,2025.85,10722.9,10324.7,3633.23,6279.02,418.244,116,10738.6,232,5447.06,4869.24,7468.27,6995.68,3856.02,366.824,1508,1740,3603.48,4512.09,7710.29,991.104,2380.12,3937.17,5430.98,2957.43,4710.51,5381.2,7548.03,
418.244,844.493,1142.47,1233.1,1556.3,820.244,0,1672.98,1100.47,836.488,956.561,1322.6,591.486,1254.73,778.152,676.39,1453.48,2091.22,1476.44,1142.47,1512.45,1322.6,1233.1,1069.47,3684.71,2647.75,2091.22,4153.38,4150.14,1834.12,1913.12,4464.12,3899.39,2302.53,1547.63,1453.48,1296.92,2717.97,2544.08,2132.63,1476.44,2737.7,2065.32,2460.73,2757.29,4190.47,3250.07,3612.8,3623.96,935.222,1194.29,1913.12,3448.93,2231.3,3095.27,1930.62,1770.66,2216.18,2843.77,2279.04,2284.94,2458,9298.11,2302.53,5514.58,3134.15,2438.76,3460.61,4921.46,4385.05,3944,1724.46,2645.21,2624.78,4537.36,3528,2388.59,3489.65,2460.73,2670.52,5036.32,6961.93,7007.21,4812.25,7079.8,7226.53,7195.74,7388.57,5688.73,1944.51,2287.88,6001.81,5109.27,4640,4670.35,6531.12,6341.92,12418.5,7146.96,1740,11261.6,10926.2,2936.89,6602.84,418.244,742.762,9965.2,997.87,6230.61,5577.66,6648.53,6178.57,3528,518.768,812,2025.85,4254.21,3692.01,8530.54,418.244,1560.62,4021.71,5138.16,2200.95,4681.86,6052.04,6963.87,
1874.04,2490.63,1434.84,580,3121.24,883.43,1672.98,0,676.39,1870.44,836.488,1774.46,2132.63,2091.22,1069.47,2055.53,778.152,844.493,366.824,935.222,676.39,591.486,478.28,624.679,3897.67,3009.3,2334.45,4537.36,4277.87,2504.1,2075.07,4512.09,4153.38,3185.25,2957.43,2678.07,2575.62,3339.91,3347.96,3366,2438.76,3662.74,3036.01,4035.07,4372.75,5824.31,4845.69,5272.58,5249.56,2544.08,2864.99,3345.95,5088.16,3899.39,4462.61,3528,3443.07,2554.64,2052.25,1712.72,1982.21,1972,7785.84,2670.52,6264,4255.79,820.244,1804.54,3297.34,2717.97,2284.94,259.384,984.293,1037.54,3082.2,2216.18,1182.97,2479.8,1834.12,2157.72,3945.71,5917.14,6059.82,3713.81,5486.44,5626.9,5577.66,5759.26,5773.26,1577.77,2167.06,6019.72,6598.76,6311.08,5920.55,4858.17,7003.36,12965.6,7281.25,2345.95,10489.5,10000.2,4512.09,5729.98,1296.92,991.104,11620.9,820.244,4565.45,4004.94,8304.34,7796.2,4066.62,1160,2228.29,1508,3299.38,5337.26,6897.86,1724.46,3208.4,4343.42,6105.17,3668.24,4565.45,4989.35,8380.95,
1396.82,1944.51,812,624.679,2460.73,518.768,1100.47,676.39,0,1194.29,164.049,1672.98,1485.52,1874.04,778.152,1624,991.104,1396.82,696,905.989,956.561,733.648,478.28,418.244,4020.03,3044.86,2380.12,4605.07,4441.45,2388.59,2132.63,4710.51,4265.27,3016,2552,2345.95,2216.18,3283.03,3216.78,3051.48,2200.95,3489.65,2824.78,3548.92,3856.02,5173.39,4184.05,4640,4596.29,1902.54,2284.94,2670.52,4441.45,3321.73,3787.36,2872.03,2853.22,2025.85,1972,1485.52,1648.67,1724.46,8461.64,2138.93,5694.64,3601.61,1352.78,2466.19,3967.81,3364,2864.99,844.493,1648.67,1712.72,3748.07,2843.77,1743.86,3018.23,2200.95,2498.72,4529.94,6500.14,6616.07,4298.27,5979.35,6126.07,6096.35,6290.79,5397.43,1233.1,1770.66,5669.78,6175.3,5694.64,5626.9,5475.4,6984.12,13015.3,6899.81,1740,11007.8,10561.7,4026.72,5760.42,812,624.679,11059.6,656.195,5152.54,4477.66,7663.91,7136.59,3528,591.486,1560.62,1233.1,3835.02,4693.34,7562.27,1069.47,2575.62,4432.35,5946.63,2993.61,4247.88,5572.83,8004.84,
1233.1,1357.75,624.679,1660.87,1352.78,1281.26,836.488,1870.44,1194.29,0,1037.54,2132.63,591.486,2091.22,1396.82,1476.44,1985.6,2533.48,1834.12,1740,2002.47,1774.46,1577.77,1434.84,4518.05,3481.93,2909.27,4989.35,4981.25,2670.52,2715.49,5291.69,4734.73,3116.93,2231.3,2228.29,2065.32,3550.81,3364,2864.99,2302.53,3535.62,2872.03,2920.81,3132,4060,3044.86,3582.88,3480,935.222,1512.45,1485.52,3345.95,2460.73,2593.84,1770.66,1985.6,1396.82,2322.9,1743.86,1640.49,1859.62,9655.91,1476.44,4731.89,2460.73,2460.73,3642.47,5151.24,4518.05,3950.82,2025.85,2831.92,2906.95,4935.11,3999.9,2869.68,4086.43,3134.15,3381.95,5626.9,7583.6,7663.91,5397.43,6902.73,7056.96,7056,7267.38,4856.79,1396.82,1577.77,5173.39,5587.3,4668.91,5322.11,6580.38,7147.9,13226.5,6311.08,905.989,11984,11602.3,3371.99,5964.7,1069.47,1276,10128.6,1512.45,6217.64,5396.18,6567.08,5992.83,2698.09,928,478.28,1525.74,4884.41,3603.48,8733.19,418.244,1577.77,4858.17,5889.79,1811.98,3876.9,6661.67,7481.78,
1276,1800.8,705.6,705.6,2296.68,492.146,956.561,836.488,164.049,1037.54,0,1648.67,1322.6,1815.69,742.762,1512.45,1069.47,1525.74,820.244,935.222,1050.42,820.244,580,478.28,4026.72,3036.01,2380.12,4596.29,4456.57,2348.82,2138.93,4733.31,4268.42,2957.43,2438.76,2252.31,2116.8,3250.07,3166.18,2957.43,2132.63,3427.4,2757.29,3413.63,3713.81,5009.53,4020.03,4477.66,4432.35,1740,2132.63,2509.46,4277.87,3168.31,3631.37,2708.05,2698.09,1944.51,2025.85,1512.45,1640.49,1740,8619.2,2055.53,5587.3,3460.61,1512.45,2629.9,4130.64,3528,3024.91,991.104,1811.98,1870.44,3899.39,2982.35,1870.44,3132,2279.04,2567.77,4653.03,6621.15,6729,4421.72,6126.07,6273.66,6246.79,6442.96,5352.37,1233.1,1740,5631.68,6049.82,5534.06,5530.41,5637.65,6949.36,12992.5,6850.88,1628.14,11107.6,10674.5,3890.76,5818.53,705.6,580,10906.5,676.39,5311.99,4622.57,7500.64,6972.56,3435.25,464,1396.82,1254.73,3945.71,4529.94,7725.98,905.989,2413.8,4429.32,5880.64,2831.92,4222.46,5694.64,7888,
1044,1577.77,2228.29,1211.08,2690.6,1160,1322.6,1774.46,1672.98,2132.63,1648.67,0,1870.44,418.244,905.989,956.561,1044,1577.77,1411.2,844.493,1160,1182.97,1357.75,1296.92,2413.8,1396.82,778.152,2952.88,2864.99,733.648,591.486,3166.18,2645.21,1411.2,1485.52,1094.34,1069.47,1611.52,1577.77,1688.99,733.648,1888.34,1276,2645.21,3044.86,5036.32,4222.46,4377.37,4513.58,2091.22,1982.21,3134.15,4306.08,2831.92,4306.08,2982.35,2490.63,3443.07,3640.63,3155.54,3285.07,3387.91,8480.7,3541.33,6837.12,4432.35,2562.52,3155.54,4417.15,4073.24,3871.69,1628.14,2460.73,2279.04,3776.69,2708.05,1712.72,2447.02,1352.78,1467.3,3945.71,5800,5801.16,3735.49,7136.59,7267.38,7190.13,7348.4,6918.31,2881.38,3364,7215.35,4989.35,5272.58,4177.61,6246.79,5311.99,11344.9,8398.59,3009.3,9976.67,9684.44,3088.74,7418.56,1094.34,1069.47,10267.1,1037.54,6055.38,5694.64,7355.72,7022.55,4829,1322.6,2116.8,2900,3123.4,4518.05,7957.63,1724.46,2533.48,2793.65,4334.12,3381.95,5838.15,4915.99,6693.91,
844.493,778.152,1165.79,1770.66,997.87,1352.78,591.486,2132.63,1485.52,591.486,1322.6,1870.44,0,1724.46,1357.75,1037.54,2025.85,2647.75,1995.74,1724.46,2075.07,1870.44,1740,1577.77,4158.24,3123.4,2617.08,4575.76,4631.29,2284.94,2460.73,4955.52,4358.88,2645.21,1672.98,1724.46,1560.62,3123.4,2900,2320,1870.44,3036.01,2391.4,2331.57,2554.64,3692.01,2717.97,3155.54,3116.93,418.244,928,1322.6,2957.43,1913.12,2504.1,1396.82,1434.84,1930.62,2900,2320,2231.3,2447.02,9849.08,1995.74,4989.35,2562.52,2831.92,3937.17,5423.54,4845.69,4343.42,2228.29,3116.93,3134.15,5093.44,4099.58,2957.43,4079.84,3051.48,3256.28,5626.9,7553.37,7596.89,5402.41,7388.57,7540,7526.6,7730.34,5332.22,1972,2167.06,5660.28,5000.12,4217.68,4738.99,6960,6644.48,12720.4,6757.93,1415.96,11837.1,11512.7,2786.42,6555.8,991.104,1296.92,9628.7,1556.3,6628.26,5880.64,6178.57,5665.03,3088.74,997.87,259.384,2091.22,4845.69,3208.4,9028.65,418.244,1094.34,4462.61,5341.04,1615.69,4409.53,6643.47,6892,
883.43,1281.26,2302.53,1512.45,2436,1357.75,1254.73,2091.22,1874.04,2091.22,1815.69,418.244,1724.46,0,1100.47,705.6,1411.2,1982.21,1740,1160,1525.74,1508,1640.49,1547.63,2438.76,1401.63,928,2900,2909.27,580,844.493,3231.39,2647.75,1142.47,1069.47,676.39,656.195,1476.44,1352.78,1296.92,348,1615.69,956.561,2228.29,2629.9,4668.91,3889.03,3999.9,4158.24,1870.44,1660.87,2909.27,3945.71,2447.02,4060,2690.6,2132.63,3460.61,3840.28,3323.76,3411.66,3541.33,8882.9,3550.81,6712.98,4254.21,2900,3558.38,4834.57,4480.66,4254.21,1975.41,2843.77,2678.07,4190.47,3121.24,2129.48,2831.92,1740,1815.69,4306.08,6126.07,6105.17,4101.22,7514.08,7647.21,7575.61,7738.17,6938.7,3024.91,3460.61,7247.91,4588.97,4873.38,3829.76,6656.62,5151.24,11214.3,8401,2993.61,10210.6,9957.77,2670.52,7632.24,1160,1249.36,9849.08,1296.92,6456.52,6059.82,6960,6647.52,4777.17,1415.96,1982.21,3064.68,3476.13,4150.14,8375.33,1672.98,2231.3,2767.03,4073.24,3132,5905.76,5255.96,6316.41,
836.488,1485.52,1352.78,518.768,2334.45,259.384,778.152,1069.47,778.152,1396.82,742.762,905.989,1357.75,1100.47,0,991.104,676.39,1322.6,778.152,366.824,742.762,580,591.486,464,3297.34,2296.68,1648.67,3856.02,3735.49,1611.52,1415.96,4021.71,3535.62,2240.33,1888.34,1624,1512.45,2509.46,2438.76,2322.9,1434.84,2715.49,2055.53,2973.31,3321.73,4946.01,4021.71,4348.07,4385.05,1712.72,1888.34,2678.07,4203.3,2900,3856.02,2705.56,2466.19,2593.84,2749.96,2252.31,2380.12,2482.51,8525.8,2698.09,6121.68,3835.02,1888.34,2767.03,4190.47,3701.11,3339.91,1037.54,1972,1902.54,3764.2,2749.96,1611.52,2730.32,1740,1985.6,4277.87,6217.64,6281.16,4051.71,6555.8,6695.92,6644.48,6823.32,6049.82,1975.41,2466.19,6338.74,5530.41,5347.34,4894.05,5870.33,6210.06,12250,7540,2200.95,10587.2,10213.9,3448.93,6538.33,366.824,164.049,10584,259.384,5606.53,5073.59,7382.19,6938.7,4035.07,478.28,1547.63,1995.74,3510.8,4441.45,7796.2,1050.42,2320,3692.01,5173.39,2973.31,4946.01,5301.85,7322.72,
259.384,624.679,1815.69,1508,1743.86,1182.97,676.39,2055.53,1624,1476.44,1512.45,956.561,1037.54,705.6,991.104,0,1577.77,2228.29,1766.86,1254.73,1672.98,1556.3,1577.77,1434.84,3123.4,2091.22,1628.14,3541.33,3597.87,1249.36,1512.45,3925.19,3321.73,1640.49,928,778.152,624.679,2091.22,1888.34,1467.3,836.488,2065.32,1396.82,1982.21,2334.45,4119.23,3274.82,3480,3582.88,1165.79,1037.54,2207.05,3381.95,1968.59,3366,2025.85,1577.77,2872.03,3489.65,2934.59,2957.43,3123.4,9350.06,2952.88,6016.36,3548.92,2869.68,3740.89,5127.67,4676.11,4331.01,2025.85,2957.43,2864.99,4605.07,3550.81,2460.73,3371.99,2284.94,2422.15,4889.92,6755.94,6756.94,4676.11,7540,7681.44,7633.12,7813.44,6329.18,2606.78,2964.25,6648.53,4561.03,4429.32,4026.72,6850.88,5674.52,11752.7,7772.87,2380.12,10904.6,10632.8,2458,7264.6,812,1069.47,9600.71,1249.36,6595.7,6052.04,6492.89,6112.88,4119.23,1050.42,1296.92,2678.07,4073.24,3603.48,8719.31,1069.47,1577.77,3425.44,4462.61,2438.76,5347.34,5869.19,6381.05,
1476.44,2132.63,1774.46,366.824,3009.3,705.6,1453.48,778.152,991.104,1985.6,1069.47,1044,2025.85,1411.2,676.39,1577.77,0,656.195,418.244,328.098,116,259.384,518.768,591.486,3134.15,2231.3,1556.3,3764.2,3528,1755.4,1296.92,3776.69,3387.91,2447.02,2391.4,2055.53,1982.21,2567.77,2593.84,2708.05,1755.4,2920.81,2320,3528,3899.39,5616.13,4697.64,5009.53,5057.65,2388.59,2544.08,3339.91,4873.38,3535.62,4512.09,3381.95,3116.93,3011.54,2793.65,2391.4,2606.78,2645.21,7850.38,3123.4,6648.53,4445.99,1525.74,2179.44,3550.81,3112.61,2843.77,591.486,1434.84,1296.92,3088.74,2075.07,935.222,2100.85,1211.08,1508,3642.47,5598.13,5685.18,3413.63,6102.97,6236.01,6165.48,6330.24,6381.05,2188.68,2749.96,6647.52,5992.83,5992.83,5221.29,5291.69,6225.21,12193.8,7885.44,2690.6,10043.2,9628,3994.85,6505.31,1037.54,733.648,11165.6,478.28,5064.3,4653.03,8040.06,7610.17,4504.63,1069.47,2200.95,2157.72,2902.32,5109.27,7147.9,1688.99,2993.61,3573.48,5347.34,3640.63,5213.55,4676.11,7726.85,
2132.63,2788.83,2207.05,883.43,3640.63,1296.92,2091.22,844.493,1396.82,2533.48,1525.74,1577.77,2647.75,1982.21,1322.6,2228.29,656.195,0,705.6,984.293,580,778.152,956.561,1100.47,3268.65,2504.1,1870.44,3945.71,3603.48,2216.18,1628.14,3805.08,3528,2909.27,3009.3,2650.29,2593.84,2920.81,3016,3266.59,2311.28,3366,2822.4,4158.24,4537.36,6268.29,5341.04,5665.03,5707.62,3024.91,3200,3945.71,5525.55,4190.47,5105.32,4021.71,3773.12,3381.95,2831.92,2544.08,2824.78,2803.27,7206.95,3497.36,7079.8,4982.6,1254.73,1577.77,2900,2498.72,2322.9,591.486,935.222,705.6,2447.02,1467.3,348,1640.49,1069.47,1396.82,3134.15,5105.32,5231.59,2902.32,5587.3,5713.52,5626.9,5779.08,6613.02,2422.15,3011.54,6854.81,6567.08,6648.53,5713.52,4676.11,6462.77,12334.2,8120.83,3134.15,9649.64,9175.74,4619.66,6380,1672.98,1352.78,11798.4,1094.34,4477.66,4177.61,8696.13,8261.29,4894.05,1660.87,2803.27,2348.82,2460.73,5762.76,6492.89,2284.94,3642.47,3735.49,5726.45,4254.21,5396.18,4177.61,8258.84,
1611.52,2252.31,1508,259.384,2993.61,656.195,1476.44,366.824,696,1834.12,820.244,1411.2,1995.74,1740,778.152,1766.86,418.244,705.6,0,580,328.098,232,259.384,418.244,3550.81,2647.75,1972,4182.44,3940.59,2138.93,1712.72,4184.05,3805.08,2822.4,2645.21,2345.95,2252.31,2973.31,2982.35,3024.91,2088,3299.38,2678.07,3748.07,4099.58,5665.03,4710.51,5088.16,5096.08,2391.4,2645.21,3268.65,4924.2,3668.24,4417.15,3387.91,3225.13,2708.05,2380.12,1995.74,2231.3,2252.31,7858.09,2822.4,6389.48,4277.87,1160,1995.74,3445.02,2927.71,2567.77,259.384,1194.29,1148.34,3112.61,2167.06,1050.42,2322.9,1556.3,1870.44,3835.02,5804.64,5920.55,3603.48,5801.16,5938.7,5880.64,6055.38,6019.72,1815.69,2391.4,6277.95,6279.02,6105.17,5569.21,5093.44,6640.43,12612,7526.6,2436,10318.8,9866.14,4222.46,6087.51,1069.47,742.762,11362.1,518.768,4829,4331.01,8124.14,7649.85,4216.09,997.87,2129.48,1770.66,3140.58,5168.19,7054.1,1611.52,3036.01,3991.48,5739.36,3582.88,4834.57,4877.52,8045.08,
1148.34,1804.54,1615.69,366.824,2698.09,478.28,1142.47,935.222,905.989,1740,935.222,844.493,1724.46,1160,366.824,1254.73,328.098,984.293,580,0,418.244,348,518.768,492.146,3116.93,2157.72,1485.52,3713.81,3535.62,1577.77,1233.1,3805.08,3364,2252.31,2091.22,1774.46,1688.99,2438.76,2422.15,2447.02,1508,2730.32,2100.85,3216.78,3582.88,5290.41,4377.37,4681.86,4733.31,2075.07,2216.18,3044.86,4547.73,3208.4,4222.46,3064.68,2788.83,2864.99,2831.92,2380.12,2554.64,2624.78,8172.86,2973.31,6447.14,4190.47,1740,2490.63,3876.9,3425.44,3123.4,820.244,1724.46,1611.52,3411.66,2388.59,1254.73,2365.95,1396.82,1660.87,3913.17,5856.56,5926.23,3686.54,6370.5,6506.35,6442.96,6613.02,6287.59,2138.93,2670.52,6566.05,5712.34,5665.03,4989.35,5602.93,6129.37,12136.3,7785.84,2504.1,10250.1,9862.73,3686.54,6591.62,733.648,464,10850.2,259.384,5363.67,4906.4,7712.04,7284.95,4334.12,812,1913.12,2132.63,3151.27,4782.8,7475.48,1411.2,2670.52,3535.62,5178.59,3339.91,5151.24,4939.2,7468.27,
1560.62,2216.18,1755.4,348,3064.68,733.648,1512.45,676.39,956.561,2002.47,1050.42,1160,2075.07,1525.74,742.762,1672.98,116,580,328.098,418.244,0,232,478.28,580,3225.13,2334.45,1660.87,3861.25,3612.8,1870.44,1401.63,3856.02,3480,2562.52,2498.72,2167.06,2091.22,2678.07,2708.05,2822.4,1870.44,3036.01,2436,3631.37,3999.9,5688.73,4761.66,5088.16,5127.67,2447.02,2624.78,3381.95,4946.01,3623.96,4549.21,3443.07,3200,2982.35,2708.05,2320,2546.72,2575.62,7785.84,3095.27,6637.39,4462.61,1411.2,2075.07,3460.61,3009.3,2730.32,478.28,1322.6,1194.29,3024.91,2025.85,883.43,2091.22,1249.36,1556.3,3625.81,5587.3,5684,3395.85,5988.34,6121.68,6052.04,6217.64,6329.18,2129.48,2698.09,6591.62,6105.17,6078.67,5337.26,5187.68,6329.18,12290,7834.94,2678.07,10057.3,9628.7,4099.58,6406.31,1094.34,778.152,11266.9,518.768,4955.52,4537.36,8120.83,7681.44,4482.17,1100.47,2240.33,2091.22,2900,5183.79,7061.72,1724.46,3062.49,3668.24,5460.63,3686.54,5152.54,4663.14,7841.81,
1415.96,2065.32,1525.74,116,2864.99,518.768,1322.6,591.486,733.648,1774.46,820.244,1182.97,1870.44,1508,580,1556.3,259.384,778.152,232,348,232,0,259.384,348,3371.99,2447.02,1770.66,3991.48,3773.12,1913.12,1512.45,4026.72,3623.96,2593.84,2422.15,2116.8,2025.85,2757.29,2757.29,2793.65,1856,3071.26,2447.02,3533.72,3890.76,5510.92,4571.34,4921.46,4946.01,2252.31,2466.19,3168.31,4768.71,3480,4331.01,3250.07,3044.86,2757.29,2554.64,2138.93,2348.82,2391.4,7980.43,2869.68,6406.31,4233.6,1392,2188.68,3612.8,3123.4,2788.83,478.28,1401.63,1322.6,3223.05,2240.33,1100.47,2322.9,1467.3,1766.86,3856.02,5818.53,5916,3625.81,6028.65,6165.48,6105.17,6277.95,6121.68,1930.62,2490.63,6388.43,6052.04,5926.23,5337.26,5295.5,6434.6,12420.7,7626.06,2447.02,10287.4,9860.68,4006.62,6287.59,905.989,580,11156.5,328.098,5041.66,4561.03,7956.79,7500.64,4254.21,883.43,2025.85,1902.54,3132,5009.53,7220.01,1508,2881.38,3805.08,5514.58,3476.13,4955.52,4894.05,7814.3,
1401.63,2029.17,1281.26,164.049,2737.7,418.244,1233.1,478.28,478.28,1577.77,580,1357.75,1740,1640.49,591.486,1577.77,518.768,956.561,259.384,518.768,478.28,259.384,0,164.049,3612.8,2670.52,1995.74,4222.46,4020.03,2091.22,1740,4277.87,3862.99,2757.29,2479.8,2207.05,2100.85,2957.43,2934.59,2900,1985.6,3235.55,2593.84,3558.38,3899.39,5416.09,4456.57,4845.69,4845.69,2138.93,2413.8,3009.3,4676.11,3443.07,4158.24,3134.15,2993.61,2504.1,2320,1888.34,2091.22,2138.93,8116.69,2617.08,6165.48,4026.72,1296.92,2228.29,3692.01,3155.54,2757.29,492.146,1415.96,1396.82,3371.99,2422.15,1296.92,2552,1724.46,2025.85,4074.89,6042.03,6149.09,3843.79,5964.7,6105.17,6055.38,6236.01,5862.31,1672.98,2231.3,6129.37,6121.68,5870.33,5463.1,5311.99,6647.52,12648.8,7366.69,2207.05,10532.4,10094.7,4035.07,6073.13,836.488,518.768,11153.5,348,5032.31,4482.17,7881.17,7398.58,4004.94,742.762,1870.44,1648.67,3366,4921.46,7300.63,1352.78,2788.83,4040.07,5688.73,3323.76,4697.64,5115.85,7909.29,
1249.36,1870.44,1182.97,232,2575.62,259.384,1069.47,624.679,418.244,1434.84,478.28,1296.92,1577.77,1547.63,464,1434.84,591.486,1100.47,418.244,492.146,580,348,164.049,0,3609.07,2645.21,1975.41,4203.3,4026.72,2025.85,1724.46,4293.57,3856.02,2678.07,2345.95,2088,1975.41,2906.95,2864.99,2786.42,1888.34,3155.54,2504.1,3411.66,3748.07,5252.12,4293.57,4681.86,4681.86,1975.41,2252.31,2853.22,4512.09,3283.03,4006.62,2971.05,2831.92,2422.15,2348.82,1888.34,2065.32,2132.63,8275.93,2533.48,6059.82,3890.76,1434.84,2391.4,3856.02,3317.68,2909.27,656.195,1577.77,1560.62,3528,2567.77,1434.84,2670.52,1800.8,2091.22,4201.7,6165.48,6264,3971.2,6105.17,6246.79,6200.31,6383.16,5813.9,1648.67,2188.68,6087.51,5988.34,5707.62,5356.14,5471.71,6604.87,12622.2,7315.36,2100.85,10632.8,10208.7,3889.03,6121.68,676.39,366.824,10998,259.384,5187.68,4618.2,7717.27,7234.9,3913.17,580,1712.72,1640.49,3480,4757.41,7464.67,1194.29,2624.78,4026.72,5612.53,3166.18,4666.03,5240.58,7785.84,
3321.73,3601.61,4640,3448.93,4756,3535.62,3684.71,3897.67,4020.03,4518.05,4026.72,2413.8,4158.24,2438.76,3297.34,3123.4,3134.15,3268.65,3550.81,3116.93,3225.13,3371.99,3612.8,3609.07,0,1037.54,1648.67,705.6,478.28,1874.04,1888.34,820.244,259.384,1740,2909.27,2593.84,2730.32,1160,1512.45,2447.02,2311.28,1688.99,1975.41,3662.74,4051.71,6464.85,5917.14,5759.26,6059.82,4255.79,3890.76,5261.08,5828.93,4298.27,6350.4,4921.46,4182.44,5855.42,5926.23,5496.25,5665.03,5741.71,8204.08,5952.28,9137.53,6644.48,4518.05,4529.94,5225.15,5252.12,5402.41,3668.24,4158.24,3856.02,4216.09,3366,3123.4,2670.52,2240.33,1944.51,3425.44,4693.34,4504.63,3321.73,8532.11,8634.02,8496.55,8596.53,9332.05,5252.12,5762.76,9628.7,4840.13,6346.16,3480,7200.41,3235.55,9074.73,10810.4,5411.12,8105.07,8034.2,3889.03,9619.61,3506.96,3460.61,10417.4,3364,7195.74,7259.97,8379.34,8301.91,7212.55,3735.49,4417.15,5249.56,2715.49,5971.47,8255.58,4101.22,4462.61,478.28,2900,5437.17,8243.35,4026.72,6028.65,
2284.94,2593.84,3623.96,2509.46,3757.04,2544.08,2647.75,3009.3,3044.86,3481.93,3036.01,1396.82,3123.4,1401.63,2296.68,2091.22,2231.3,2504.1,2647.75,2157.72,2334.45,2447.02,2670.52,2645.21,1037.54,0,676.39,1560.62,1508,844.493,935.222,1834.12,1254.73,935.222,1985.6,1624,1743.86,518.768,820.244,1660.87,1296.92,1160,1100.47,2909.27,3321.73,5656.71,5021.61,4955.52,5209.68,3235.55,2909.27,4254.21,4982.6,3435.25,5367.43,3950.82,3256.28,4827.61,4989.35,4529.94,4676.11,4768.71,8392.18,4922.83,8107.56,5626.9,3706.56,3945.71,4895.42,4768.71,4778.58,2803.27,3435.25,3166.18,4006.62,3011.54,2447.02,2438.76,1628.14,1434.84,3609.07,5194.16,5088.16,3448.93,8004.84,8120,8007.36,8133.25,8306.77,4268.42,4760.24,8607.48,4600.68,5655.52,3448.93,6847.93,3994.85,9978.7,9780.53,4377.37,8968.83,8807.6,3223.05,8733.96,2482.51,2460.73,10129.3,2391.4,6763.9,6648.53,7731.21,7562.27,6175.3,2717.97,3381.95,4277.87,2793.65,5148.62,8196.69,3064.68,3487.72,1396.82,3250.07,4445.99,7234.9,4409.53,6055.38,
1774.46,2207.05,2993.61,1834.12,3364,1888.34,2091.22,2334.45,2380.12,2909.27,2380.12,778.152,2617.08,928,1648.67,1628.14,1556.3,1870.44,1972,1485.52,1660.87,1770.66,1995.74,1975.41,1648.67,676.39,0,2228.29,2091.22,580,259.384,2388.59,1888.34,1142.47,1815.69,1401.63,1467.3,1050.42,1182.97,1724.46,991.104,1547.63,1160,2900,3317.68,5514.58,4782.8,4829,5025.63,2793.65,2575.62,3835.02,4806.66,3274.82,4988,3612.8,3011.54,4217.68,4315.45,3862.99,4020.03,4104.5,8202.44,4317.01,7600.43,5168.19,3044.86,3371.99,4439.94,4233.6,4177.61,2132.63,2805.67,2554.64,3640.63,2593.84,1859.62,2138.93,1142.47,1069.47,3506.96,5255.96,5210.97,3317.68,7427.62,7548.03,7446.62,7583.6,7689.32,3609.07,4114.32,7982.96,4928.29,5631.68,3913.17,6358.87,4668.91,10653.1,9172.81,3787.36,9282.9,9039.82,3285.07,8057.62,1870.44,1811.98,10370.8,1724.46,6236.01,6042.03,7722.5,7470.98,5606.53,2091.22,2869.68,3612.8,2670.52,4997.43,7858.09,2498.72,3151.27,2052.25,3856.02,4060,6594.68,4409.53,6501.18,
3764.2,3945.71,5173.39,4060,5064.3,4104.5,4153.38,4537.36,4605.07,4989.35,4596.29,2952.88,4575.76,2900,3856.02,3541.33,3764.2,3945.71,4182.44,3713.81,3861.25,3991.48,4222.46,4203.3,705.6,1560.62,2228.29,0,676.39,2320,2482.51,905.989,464,1982.21,3155.54,2909.27,3062.49,1453.48,1724.46,2593.84,2705.56,1755.4,2240.33,3712,4066.62,6505.31,6059.82,5804.64,6149.09,4618.2,4182.44,5580.07,5917.14,4432.35,6613.02,5178.59,4391.18,6358.87,6542.44,6089.72,6236.01,6329.18,8733.96,6450.27,9504.92,6979.31,5187.68,5234.16,5917.14,5956.8,6105.17,4317.01,4847.08,4549.21,4894.05,4066.62,3815.68,3364,2934.59,2645.21,4006.62,5088.16,4845.69,3925.19,9237.13,9338.54,9199.9,9298.11,9838.14,5828.93,6316.41,10145.2,4477.66,6279.02,3036.01,7891.41,2533.48,8429.78,11300.3,5893.21,8130.76,8164.62,3856.02,10267.1,4026.72,4020.03,10028.5,3950.82,7895.67,7964.39,8255.58,8258.84,7660.39,4268.42,4834.57,5838.15,3347.96,6033.12,8878.36,4571.34,4733.31,232,2284.94,5722.93,8786.19,4504.63,5502.36,
3792.69,4079.84,5084.19,3856.02,5234.16,3967.81,4150.14,4277.87,4441.45,4981.25,4456.57,2864.99,4631.29,2909.27,3735.49,3597.87,3528,3603.48,3940.59,3535.62,3612.8,3773.12,4020.03,4026.72,478.28,1508,2091.22,676.39,0,2348.82,2320,348,366.824,2207.05,3381.95,3071.26,3208.4,1628.14,1972,2902.32,2788.83,2116.8,2447.02,4101.22,4482.17,6906.63,6380,6201.39,6512.55,4733.31,4368.14,5739.36,6281.16,4757.41,6827.27,5397.43,4653.03,6307.88,6320.67,5908.03,6089.72,6156.75,8057.62,6406.31,9613.31,7122.44,4858.17,4768.71,5341.04,5437.17,5649.57,4040.07,4462.61,4150.14,4293.57,3528,3425.44,2805.67,2546.72,2231.3,3339.91,4429.32,4203.3,3266.59,8715.45,8810.66,8662.02,8749.35,9780.53,5674.52,6195.96,10073.3,5109.27,6755.94,3692.01,7308.92,3036.01,8733.96,11263.4,5870.33,7667.42,7631.35,4304.52,9978.7,3959.32,3897.67,10674.5,3787.36,7341.07,7488.97,8770.86,8721.63,7677.94,4182.44,4889.92,5665.03,2708.05,6417.85,8222.1,4565.45,4939.2,492.146,2957.43,5914.86,8678.32,3829.76,6177.48,
1453.48,1755.4,2872.03,1944.51,2920.81,1870.44,1834.12,2504.1,2388.59,2670.52,2348.82,733.648,2284.94,580,1611.52,1249.36,1755.4,2216.18,2138.93,1577.77,1870.44,1913.12,2091.22,2025.85,1874.04,844.493,580,2320,2348.82,0,676.39,2678.07,2075.07,696,1249.36,844.493,935.222,905.989,844.493,1160,464,1165.79,624.679,2320,2737.7,4955.52,4254.21,4265.27,4477.66,2391.4,2088,3413.63,4255.79,2715.49,4537.36,3132,2479.8,4040.07,4360.43,3861.25,3967.81,4086.43,8776.99,4130.64,7264.6,4782.8,3280.98,3776.69,4935.11,4670.35,4537.36,2345.95,3134.15,2920.81,4182.44,3123.4,2279.04,2708.05,1672.98,1640.49,4086.43,5818.53,5759.26,3897.67,7803.1,7929.68,7841.81,7990.54,7518.55,3573.48,4026.72,7827.21,4417.15,5053.66,3497.36,6823.32,4600.68,10652.4,8980.83,3573.48,9761.25,9555.75,2708.05,8144.82,1724.46,1770.66,9816.92,1766.86,6668.74,6381.05,7144.13,6902.73,5352.37,1975.41,2544.08,3603.48,3250.07,4439.94,8398.59,2252.31,2668,2188.68,3601.61,3612.8,6480.45,4981.25,6052.04,
1628.14,2116.8,2767.03,1577.77,3256.28,1648.67,1913.12,2075.07,2132.63,2715.49,2138.93,591.486,2460.73,844.493,1415.96,1512.45,1296.92,1628.14,1712.72,1233.1,1401.63,1512.45,1740,1724.46,1888.34,935.222,259.384,2482.51,2320,676.39,0,2606.78,2132.63,1322.6,1834.12,1415.96,1453.48,1296.92,1396.82,1834.12,997.87,1755.4,1296.92,2957.43,3371.99,5501.14,4733.31,4824.82,4997.43,2668,2504.1,3712,4782.8,3268.65,4877.52,3528,2973.31,3999.9,4060,3612.8,3776.69,3856.02,8124.14,4101.22,7427.62,5021.61,2788.83,3151.27,4265.27,4026.72,3944,1874.04,2562.52,2320,3506.96,2447.02,1640.49,2052.25,997.87,997.87,3481.93,5282.78,5261.08,3283.03,7200.41,7322.72,7225.6,7366.69,7464.67,3364,3876.9,7754.67,5088.16,5663.84,4119.23,6166.58,4928.29,10909.6,8952.31,3581,9396,9122.06,3364,7798.79,1660.87,1577.77,10491.4,1476.44,6028.65,5804.64,7754.67,7471.88,5407.39,1870.44,2708.05,3364,2647.75,4982.6,7722.5,2311.28,3071.26,2302.53,4101.22,3950.82,6358.87,4417.15,6695.92,
4114.32,4417.15,5373.69,4114.32,5574.04,4247.88,4464.12,4512.09,4710.51,5291.69,4733.31,3166.18,4955.52,3231.39,4021.71,3925.19,3776.69,3805.08,4184.05,3805.08,3856.02,4026.72,4277.87,4293.57,820.244,1834.12,2388.59,905.989,348,2678.07,2606.78,0,705.6,2554.64,3728.28,3413.63,3548.92,1975.41,2320,3250.07,3123.4,2460.73,2793.65,4445.99,4824.82,7251.62,6728,6546.55,6859.71,5066.96,4710.51,6077.56,6628.26,5105.32,7170.45,5741.71,5000.12,6604.87,6561.95,6165.48,6358.87,6416.8,7888,6704.96,9941.55,7457.46,5057.65,4889.92,5367.43,5514.58,5773.26,4268.42,4635.65,4317.01,4298.27,3601.61,3603.48,2869.68,2737.7,2413.8,3235.55,4190.47,3940.59,3185.25,8782.36,8872.29,8715.45,8793.08,10071.3,5942.1,6473.17,10359.8,5382.45,7091.2,3940.59,7322.72,3016,8563.6,11558.7,6175.3,7325.47,7304.32,4642.9,10184.9,4258.95,4182.44,10934.2,4060,7382.19,7593.35,9098.42,9059.89,7989.7,4476.16,5213.55,5926.23,2670.52,6763.9,8130.76,4877.52,5282.78,778.152,3123.4,6256.48,8955.32,3640.63,6380,
3528,3778.47,4873.38,3699.29,4924.2,3776.69,3899.39,4153.38,4265.27,4734.73,4268.42,2645.21,4358.88,2647.75,3535.62,3321.73,3387.91,3528,3805.08,3364,3480,3623.96,3862.99,3856.02,259.384,1254.73,1888.34,464,366.824,2075.07,2132.63,705.6,0,1870.44,3051.48,2757.29,2900,1296.92,1628.14,2552,2498.72,1755.4,2116.8,3740.89,4119.23,6546.55,6033.12,5841.61,6157.84,4439.94,4051.71,5433.46,5926.23,4408,6506.35,5073.59,4317.01,6081.99,6178.57,5744.05,5908.03,5988.34,8336.68,6177.48,9327.73,6823.32,4777.17,4782.8,5453.23,5496.25,5656.71,3925.19,4417.15,4114.32,4432.35,3603.48,3381.95,2900,2498.72,2200.95,3581,4760.24,4547.73,3489.65,8776.99,8877.6,8737.81,8835.06,9560.68,5496.25,6001.81,9860,4768.71,6389.48,3371.99,7427.62,2982.35,8816.76,11035.3,5631.68,8030.85,7998.11,3938.88,9877.04,3735.49,3699.29,10340.3,3609.07,7432.15,7512.29,8404.2,8356.03,7424.91,3967.81,4618.2,5496.25,2900,6059.82,8436.96,4317.01,4618.2,232,2715.49,5599.33,8480.7,4130.64,5889.79,
1888.34,1972,3411.66,2617.08,3082.2,2498.72,2302.53,3185.25,3016,3116.93,2957.43,1411.2,2645.21,1142.47,2240.33,1640.49,2447.02,2909.27,2822.4,2252.31,2562.52,2593.84,2757.29,2678.07,1740,935.222,1142.47,1982.21,2207.05,696,1322.6,2554.64,1870.44,0,1182.97,935.222,1094.34,580,259.384,733.648,836.488,478.28,259.384,1982.21,2391.4,4756,4177.61,4051.71,4331.01,2647.75,2200.95,3597.87,4101.22,2562.52,4642.9,3208.4,2447.02,4512.09,4982.6,4462.61,4537.36,4676.11,9277.82,4593.37,7526.6,4997.43,3971.2,4462.61,5580.07,5347.34,5231.59,3036.01,3829.76,3612.8,4777.17,3735.49,2957.43,3250.07,2284.94,2188.68,4518.05,6129.37,6019.72,4348.07,8496.55,8622.32,8532.11,8678.32,7966.93,4158.24,4571.34,8288.12,3787.36,4723.35,2805.67,7488.97,4040.07,10116,9402.44,4020.03,9827.19,9706.64,2287.88,8774.69,2287.88,2391.4,9258.22,2422.15,7348.4,7076.95,6796.65,6640.43,5731.15,2546.72,2900,4203.3,3692.01,4254.21,8992.81,2708.05,2757.29,1913.12,2934.59,3744.48,6984.12,5341.04,5373.69,
1165.79,905.989,2678.07,2391.4,1920.14,2100.85,1547.63,2957.43,2552,2231.3,2438.76,1485.52,1672.98,1069.47,1888.34,928,2391.4,3009.3,2645.21,2091.22,2498.72,2422.15,2479.8,2345.95,2909.27,1985.6,1815.69,3155.54,3381.95,1249.36,1834.12,3728.28,3051.48,1182.97,0,418.244,418.244,1755.4,1434.84,656.195,836.488,1453.48,935.222,1160,1560.62,3706.56,3036.01,3016,3235.55,1560.62,1037.54,2438.76,3011.54,1467.3,3460.61,2025.85,1276,3603.48,4391.18,3826.24,3815.68,3999.9,9941.55,3668.24,6381.05,3840.28,3776.69,4569.87,5889.79,5501.14,5210.97,2900,3815.68,3686.54,5259.8,4190.47,3185.25,3876.9,2793.65,2831.92,5311.99,7067.44,7007.21,5115.85,8442.54,8581.65,8525.8,8700,6976.41,3489.65,3792.69,7311.68,3642.47,3829.76,3123.4,7680.57,5009.53,11073.6,8372.92,3088.74,10953.9,10783.6,1611.52,8144.82,1740,1985.6,8793.08,2138.93,7453.85,6961.93,5920.55,5655.52,4681.86,1975.41,1902.54,3573.48,4476.16,3191.58,9442.43,1874.04,1577.77,3095.27,3668.24,2567.77,6081.99,6225.21,5453.23,
1037.54,1037.54,2593.84,2100.85,2167.06,1859.62,1453.48,2678.07,2345.95,2228.29,2252.31,1094.34,1724.46,676.39,1624,778.152,2055.53,2650.29,2345.95,1774.46,2167.06,2116.8,2207.05,2088,2593.84,1624,1401.63,2909.27,3071.26,844.493,1415.96,3413.63,2757.29,935.222,418.244,0,164.049,1467.3,1194.29,705.6,418.244,1312.39,676.39,1560.62,1968.59,4114.32,3413.63,3427.4,3633.23,1712.72,1296.92,2678.07,3411.66,1874.04,3757.04,2331.57,1640.49,3623.96,4255.79,3706.56,3735.49,3899.39,9527.55,3699.29,6595.7,4073.24,3497.36,4222.46,5510.92,5148.62,4895.42,2593.84,3489.65,3339.91,4856.79,3787.36,2805.67,3460.61,2380.12,2413.8,4894.05,6656.62,6602.84,4697.64,8144.82,8280.81,8216.37,8384.16,7056,3381.95,3740.89,7382.19,3938.88,4247.88,3280.98,7326.39,4924.2,11002.3,8480.7,3121.24,10587.2,10396.7,1995.74,8037.55,1547.63,1743.86,9172.81,1859.62,7116.77,6676.81,6338.74,6069.8,4802.46,1800.8,1975.41,3448.93,4058.34,3597.87,9048.74,1834.12,1870.44,2824.78,3684.71,2843.77,6105.17,5810.43,5702.91,
883.43,883.43,2438.76,2002.47,2025.85,1740,1296.92,2575.62,2216.18,2065.32,2116.8,1069.47,1560.62,656.195,1512.45,624.679,1982.21,2593.84,2252.31,1688.99,2091.22,2025.85,2100.85,1975.41,2730.32,1743.86,1467.3,3062.49,3208.4,935.222,1453.48,3548.92,2900,1094.34,418.244,164.049,0,1615.69,1352.78,844.493,478.28,1476.44,836.488,1577.77,1975.41,4051.71,3321.73,3371.99,3558.38,1556.3,1165.79,2533.48,3339.91,1815.69,3625.81,2207.05,1547.63,3460.61,4111.05,3558.38,3581,3748.07,9537.43,3535.62,6442.96,3925.19,3395.85,4158.24,5471.71,5088.16,4812.25,2504.1,3411.66,3274.82,4845.69,3776.69,2767.03,3480,2391.4,2447.02,4935.11,6721,6677.81,4734.73,8053.44,8190.95,8130.76,8301.91,6892,3231.39,3582.88,7218.15,4026.72,4222.46,3413.63,7267.38,5088.16,11166.2,8317.29,2957.43,10694.7,10489.5,2029.17,7888.85,1411.2,1624,9210.87,1755.4,7046.46,6579.36,6311.08,6018.6,4640,1660.87,1811.98,3301.42,4101.22,3533.72,9024.92,1672.98,1743.86,2973.31,3842.03,2708.05,5942.1,5865.75,5810.43,
2320,2498.72,3776.69,2803.27,3633.23,2767.03,2717.97,3339.91,3283.03,3550.81,3250.07,1611.52,3123.4,1476.44,2509.46,2091.22,2567.77,2920.81,2973.31,2438.76,2678.07,2757.29,2957.43,2906.95,1160,518.768,1050.42,1453.48,1628.14,905.989,1296.92,1975.41,1296.92,580,1755.4,1467.3,1615.69,0,366.824,1296.92,1254.73,656.195,820.244,2533.48,2934.59,5323.38,4757.41,4618.2,4906.4,3168.31,2757.29,4145.28,4676.11,3140.58,5209.68,3776.69,3024.91,4932.39,5252.12,4761.66,4873.38,4989.35,8896.53,5020.27,8057.62,5540.14,4079.84,4409.53,5402.41,5252.12,5225.15,3155.54,3856.02,3603.48,4524,3522.28,2900,2957.43,2116.8,1944.51,4104.5,5631.68,5499.92,3950.82,8468.79,8587.13,8480.7,8612.17,8406.6,4477.66,4932.39,8719.31,4086.43,5255.96,2934.59,7348.4,3701.11,9746.76,9860,4456.57,9252.41,9146.36,2803.27,9027.9,2629.9,2670.52,9625.2,2647.75,7251.62,7091.2,7316.28,7190.13,6210.06,2881.38,3381.95,4504.63,3297.34,4824.82,8715.45,3134.15,3321.73,1357.75,2805.67,4304.52,7382.19,4873.38,5540.14,
2132.63,2231.3,3642.47,2788.83,3339.91,2698.09,2544.08,3347.96,3216.78,3364,3166.18,1577.77,2900,1352.78,2438.76,1888.34,2593.84,3016,2982.35,2422.15,2708.05,2757.29,2934.59,2864.99,1512.45,820.244,1182.97,1724.46,1972,844.493,1396.82,2320,1628.14,259.384,1434.84,1194.29,1352.78,366.824,0,935.222,1069.47,366.824,518.768,2167.06,2567.77,4959.59,4408,4254.21,4547.73,2906.95,2458,3856.02,4317.01,2786.42,4895.42,3460.61,2690.6,4757.41,5187.68,4676.11,4761.66,4894.05,9210.14,4840.13,7785.84,5255.96,4119.23,4547.73,5612.53,5416.09,5337.26,3185.25,3945.71,3713.81,4772.95,3748.07,3036.01,3223.05,2311.28,2179.44,4429.32,5988.34,5862.31,4268.42,8596.53,8719.31,8622.32,8762.42,8217.19,4377.37,4802.46,8536.84,3799.77,4889.92,2730.32,7540,3805.08,9877.04,9655.91,4268.42,9613.31,9512.71,2438.76,8977.08,2509.46,2593.84,9312.57,2606.78,7418.56,7192.94,6952.26,6823.32,5987.22,2767.03,3155.54,4417.15,3612.8,4462.61,8980.08,2952.88,3011.54,1660.87,2757.29,3999.9,7225.6,5220,5322.11,
1724.46,1560.62,3274.82,2786.42,2546.72,2562.52,2132.63,3366,3051.48,2864.99,2957.43,1688.99,2320,1296.92,2322.9,1467.3,2708.05,3266.59,3024.91,2447.02,2822.4,2793.65,2900,2786.42,2447.02,1660.87,1724.46,2593.84,2902.32,1160,1834.12,3250.07,2552,733.648,656.195,705.6,844.493,1296.92,935.222,0,956.561,844.493,580,1249.36,1660.87,4026.72,3481.93,3321.73,3612.8,2216.18,1672.98,3064.68,3381.95,1856,4035.07,2606.78,1800.8,4247.88,4955.52,4401.89,4417.15,4588.97,9925.29,4315.45,7008.17,4462.61,4182.44,4844.3,6069.8,5759.26,5551.06,3266.59,4140.4,3967.81,5341.04,4279.44,3381.95,3862.99,2831.92,2793.65,5199.34,6850.88,6748.97,5020.27,8810.66,8944.04,8872.29,9033.86,7632.24,4073.24,4409.53,7966.93,3301.42,3994.85,2575.62,7928.84,4354.25,10417.4,9028.65,3735.49,10548.3,10438.7,1577.77,8731.65,2252.31,2447.02,8657.36,2552,7744.25,7352.97,6073.13,5906.89,5337.26,2504.1,2554.64,4145.28,4366.6,3528,9555.75,2490.63,2179.44,2562.52,3024.91,3168.31,6729,6049.82,5021.61,
1069.47,1296.92,2575.62,1859.62,2460.73,1688.99,1476.44,2438.76,2200.95,2302.53,2132.63,733.648,1870.44,348,1434.84,836.488,1755.4,2311.28,2088,1508,1870.44,1856,1985.6,1888.34,2311.28,1296.92,991.104,2705.56,2788.83,464,997.87,3123.4,2498.72,836.488,836.488,418.244,478.28,1254.73,1069.47,956.561,0,1296.92,624.679,1968.59,2380.12,4524,3799.77,3840.28,4035.07,1944.51,1624,2957.43,3815.68,2284.94,4074.89,2668,2025.85,3692.01,4158.24,3631.37,3701.11,3842.03,9113.94,3776.69,6829.24,4334.12,3248,3889.03,5138.16,4806.66,4596.29,2322.9,3185.25,3011.54,4456.57,3387.91,2438.76,3044.86,1968.59,1995.74,4476.16,6246.79,6200.31,4279.44,7858.09,7990.54,7916.95,8077.63,7159.18,3323.76,3735.49,7475.48,4255.79,4666.03,3481.93,6979.31,4873.38,10946.5,8607.48,3208.4,10224.5,10012.4,2391.4,7950.87,1453.48,1577.77,9555.75,1640.49,6788.73,6406.31,6756.94,6484.6,4955.52,1712.72,2129.48,3371.99,3640.63,4006.62,8657.36,1888.34,2204,2593.84,3748.07,3151.27,6156.75,5396.18,5971.47,
